Guia 02
Aluno: 827112_Paulo_Henrique

Ex. 01 
a) 0,00011(2) = 0,09375(10)

b) 0,01101(2) = 0,40625(10)

c) 0,10001(2) = 0,53125(10)

d) 1,01011(2) = 1,34375(10)

e) 10,10101(2) = 2,65625(10)

Ex. 02 
a) 0,625000(10) = 0,101(2)

b) 1,125000(10) = 1,001(2)

c) 2,250000(10) = 10,01(2)

d) 4,750000(10) = 100,11(2)

e) 5,875000(10) = 101,111(2)

Ex. 03 
a) 0,001011(2) = 0,023(4)

b) 0,100011(2) = 0,43(8)

c) 0,101100(2) = 0,B(16)

d) 1,110010(2) = 1,62(8)

e) 1101,1001(2) = D,9(16)

Ex. 04 
a) 0,123(4) = 0,011011(2)

b) 0,3E4(16) = 0,033210(4)

c) 0,742(8) = 0,111100010(2)

d) 3,1257(8) = 3,022233(4)

e) B,4C15(16) = 23,10300111(4)

Ex. 05
a) 100,011(2) + 10,01(2) = 110,101(2)

b) 1010,010(2) - 11,011(2) = 110,111(2)

c) 101,101(2) * 10,101(2) = 1110,110001(2)

d) 10101,01(2) / 11,11(2) = 101,101010...(2)

e) 1101101(2) % 1101(2) = 101(2)
